0.000000E+00
0.000000E+00
0.000000E+00
0.000000E+00
0.000000E+00
0.000000E+00
0.000000E+00
0.000000E+00
0.000000E+00
0.000000E+00
0.200000E-07
0.200000E-07
0.000000E+00
0.200000E-07
0.000000E+00
0.200000E-07
0.200000E-07
0.110000E-06
0.900000E-07
0.500000E-07
0.180000E-06
0.330000E-06
0.310000E-06
0.460000E-06
0.600000E-06
0.100000E-05
0.127000E-05
0.167000E-05
0.231000E-05
0.310000E-05
0.372000E-05
0.440000E-05
0.642000E-05
0.839000E-05
0.101600E-04
0.139600E-04
0.171000E-04
0.212300E-04
0.257800E-04
0.317900E-04
0.409600E-04
0.503400E-04
0.615000E-04
0.752800E-04
0.904400E-04
0.109920E-03
0.129330E-03
0.159130E-03
0.187880E-03
0.222370E-03
0.265690E-03
0.306880E-03
0.361660E-03
0.421660E-03
0.483180E-03
0.564270E-03
0.645120E-03
0.734350E-03
0.841270E-03
0.949110E-03
0.107685E-02
0.120705E-02
0.136453E-02
0.151345E-02
0.167937E-02
0.186538E-02
0.206200E-02
0.226571E-02
0.248913E-02
0.271899E-02
0.295862E-02
0.320417E-02
0.347718E-02
0.372753E-02
0.400550E-02
0.428879E-02
0.457411E-02
0.485562E-02
0.514811E-02
0.542767E-02
0.571197E-02
0.601064E-02
0.630829E-02
0.656391E-02
0.681191E-02
0.708955E-02
0.733668E-02
0.756388E-02
0.778630E-02
0.798248E-02
0.819340E-02
0.835372E-02
0.849988E-02
0.861347E-02
0.875551E-02
0.884513E-02
0.892460E-02
0.895292E-02
0.900023E-02
0.901908E-02
0.901068E-02
0.898881E-02
0.895353E-02
0.887898E-02
0.881361E-02
0.873153E-02
0.859359E-02
0.845169E-02
0.831453E-02
0.816659E-02
0.802962E-02
0.783855E-02
0.765115E-02
0.745918E-02
0.723814E-02
0.706151E-02
0.682405E-02
0.660413E-02
0.640577E-02
0.619536E-02
0.596425E-02
0.572574E-02
0.554274E-02
0.529735E-02
0.510182E-02
0.488807E-02
0.465465E-02
0.448656E-02
0.426642E-02
0.407245E-02
0.387565E-02
0.367408E-02
0.352016E-02
0.333298E-02
0.316350E-02
0.300377E-02
0.284744E-02
0.270053E-02
0.254029E-02
0.240516E-02
0.227209E-02
0.216812E-02
0.202993E-02
0.191454E-02
0.180278E-02
0.169858E-02
0.160069E-02
0.151488E-02
0.142097E-02
0.133015E-02
0.125026E-02
0.117584E-02
0.109999E-02
0.103080E-02
0.971380E-03
0.915620E-03
0.851390E-03
0.798890E-03
0.753980E-03
0.710310E-03
0.663380E-03
0.623320E-03
0.582310E-03
0.543150E-03
0.512410E-03
0.472230E-03
0.448220E-03
0.420820E-03
0.391480E-03
0.367420E-03
0.348770E-03
0.324920E-03
0.307090E-03
0.286280E-03
0.268100E-03
0.251460E-03
0.235380E-03
0.222720E-03
0.206410E-03
0.197170E-03
0.184200E-03
0.172660E-03
0.163840E-03
0.154130E-03
0.145370E-03
0.133830E-03
0.128210E-03
0.121710E-03
0.116900E-03
0.108910E-03
0.105370E-03
0.960800E-04
0.918800E-04
0.878900E-04
0.842500E-04
0.772400E-04
0.718800E-04
0.699800E-04
0.678500E-04
0.639400E-04
0.588900E-04
0.578500E-04
0.534000E-04
0.536600E-04
0.497100E-04
0.494300E-04
0.447900E-04
0.433100E-04
0.418600E-04
0.392900E-04
0.389600E-04
0.363500E-04
0.356800E-04
0.346300E-04
0.322900E-04
0.321100E-04
0.293200E-04
0.299400E-04
0.277700E-04
0.272500E-04
0.271900E-04
0.252300E-04
0.251000E-04
0.240700E-04
0.237100E-04
0.221900E-04
0.228900E-04
0.214600E-04
0.220200E-04
0.215100E-04
0.207700E-04
0.201000E-04
0.194000E-04
0.185600E-04
0.185000E-04
0.185500E-04
0.182300E-04
0.178600E-04
0.184900E-04
0.171800E-04
0.175000E-04
0.181400E-04
0.168300E-04
0.168800E-04
0.163300E-04
0.163000E-04
0.170500E-04
0.168400E-04
0.164800E-04
0.162500E-04
0.167200E-04
0.160800E-04
0.176900E-04
0.174000E-04
0.165400E-04
0.181900E-04
0.181800E-04
0.184300E-04
0.188000E-04
0.182600E-04
0.185800E-04
0.188700E-04
0.175600E-04
0.191400E-04
0.188600E-04
0.193200E-04
0.201800E-04
0.202800E-04
0.212800E-04
0.214200E-04
0.215400E-04
0.219700E-04
0.229400E-04
0.235800E-04
0.240800E-04
0.240200E-04
0.244300E-04
0.260500E-04
0.276500E-04
0.279900E-04
0.284800E-04
0.293200E-04
0.317300E-04
0.301300E-04
0.319600E-04
0.361300E-04
0.355300E-04
0.382900E-04
0.387500E-04
0.395100E-04
0.418000E-04
0.444300E-04
0.457200E-04
0.478400E-04
0.510900E-04
0.522400E-04
0.560500E-04
0.564500E-04
0.614100E-04
0.638000E-04
0.673300E-04
0.699800E-04
0.747400E-04
0.773400E-04
0.800300E-04
0.873100E-04
0.916800E-04
0.989000E-04
0.103110E-03
0.107870E-03
0.114840E-03
0.119540E-03
0.128550E-03
0.138500E-03
0.144520E-03
0.153660E-03
0.162740E-03
0.173280E-03
0.184540E-03
0.193890E-03
0.208530E-03
0.222880E-03
0.235760E-03
0.254870E-03
0.263760E-03
0.287960E-03
0.302200E-03
0.319540E-03
0.339510E-03
0.370520E-03
0.385870E-03
0.415060E-03
0.446730E-03
0.478170E-03
0.513750E-03
0.546600E-03
0.580370E-03
0.612610E-03
0.656300E-03
0.704480E-03
0.749970E-03
0.797840E-03
0.854290E-03
0.907460E-03
0.966520E-03
0.103023E-02
0.110290E-02
0.116883E-02
0.124799E-02
0.131919E-02
0.141107E-02
0.150320E-02
0.160012E-02
0.169455E-02
0.179183E-02
0.190112E-02
0.202276E-02
0.212765E-02
0.226121E-02
0.240116E-02
0.253792E-02
0.268699E-02
0.282422E-02
0.298939E-02
0.316328E-02
0.331879E-02
0.349615E-02
0.366872E-02
0.385021E-02
0.404985E-02
0.424811E-02
0.444198E-02
0.466521E-02
0.485986E-02
0.507998E-02
0.529771E-02
0.549181E-02
0.574379E-02
0.595475E-02
0.617939E-02
0.638143E-02
0.658981E-02
0.679633E-02
0.701845E-02
0.721005E-02
0.742158E-02
0.761413E-02
0.779709E-02
0.798221E-02
0.813264E-02
0.829655E-02
0.844136E-02
0.854916E-02
0.867805E-02
0.877263E-02
0.884545E-02
0.892946E-02
0.896079E-02
0.898600E-02
0.900216E-02
0.895805E-02
0.893375E-02
0.887698E-02
0.881443E-02
0.870879E-02
0.858040E-02
0.845618E-02
0.831871E-02
0.813311E-02
0.797496E-02
0.776518E-02
0.753642E-02
0.729391E-02
0.705257E-02
0.678551E-02
0.654036E-02
0.627752E-02
0.597952E-02
0.568369E-02
0.540401E-02
0.513943E-02
0.484012E-02
0.455387E-02
0.426192E-02
0.400266E-02
0.372745E-02
0.344171E-02
0.319407E-02
0.294577E-02
0.270656E-02
0.247195E-02
0.226514E-02
0.206086E-02
0.187130E-02
0.167606E-02
0.150322E-02
0.135070E-02
0.119799E-02
0.106679E-02
0.945060E-03
0.830780E-03
0.735790E-03
0.638780E-03
0.565320E-03
0.487060E-03
0.419720E-03
0.357460E-03
0.309200E-03
0.260120E-03
0.222050E-03
0.185210E-03
0.158860E-03
0.132820E-03
0.110540E-03
0.903200E-04
0.773500E-04
0.612200E-04
0.520000E-04
0.401700E-04
0.335500E-04
0.273900E-04
0.210200E-04
0.171100E-04
0.139400E-04
0.103600E-04
0.877000E-05
0.651000E-05
0.515000E-05
0.416000E-05
0.280000E-05
0.217000E-05
0.159000E-05
0.125000E-05
0.920000E-06
0.760000E-06
0.570000E-06
0.380000E-06
0.290000E-06
0.210000E-06
0.120000E-06
0.140000E-06
0.110000E-06
0.200000E-07
0.600000E-07
0.100000E-07
0.500000E-07
0.000000E+00
0.000000E+00
0.200000E-07
0.000000E+00
0.200000E-07
0.200000E-07
0.000000E+00
0.000000E+00
0.000000E+00
0.000000E+00
0.000000E+00
0.000000E+00
0.000000E+00
0.000000E+00
0.000000E+00
0.000000E+00
0.000000E+00
0.000000E+00
0.000000E+00
0.000000E+00
0.000000E+00
0.000000E+00
0.000000E+00
0.000000E+00
0.000000E+00
0.000000E+00
0.000000E+00
0.000000E+00
0.000000E+00
0.000000E+00
0.000000E+00
0.000000E+00
0.000000E+00
0.000000E+00
0.000000E+00
0.000000E+00
0.000000E+00
0.000000E+00
0.000000E+00
0.000000E+00
0.000000E+00
0.000000E+00
0.000000E+00
0.000000E+00
0.000000E+00
0.000000E+00
0.000000E+00
0.000000E+00
0.000000E+00
0.000000E+00
0.000000E+00
0.000000E+00
0.000000E+00
0.000000E+00
0.000000E+00
0.000000E+00
0.000000E+00
0.000000E+00
0.000000E+00
0.000000E+00
0.000000E+00
0.000000E+00
0.000000E+00
0.000000E+00
0.000000E+00
0.000000E+00
0.000000E+00
0.000000E+00
0.000000E+00
0.000000E+00
0.000000E+00
0.000000E+00
0.000000E+00
0.000000E+00
0.000000E+00
0.000000E+00
0.000000E+00
0.000000E+00
0.000000E+00
0.000000E+00
0.000000E+00
0.000000E+00
0.000000E+00
0.000000E+00
0.000000E+00
0.000000E+00
0.000000E+00
0.000000E+00
0.000000E+00
0.000000E+00
0.000000E+00
0.000000E+00
0.000000E+00
0.000000E+00
0.000000E+00
0.000000E+00
0.000000E+00
0.000000E+00
0.000000E+00
0.000000E+00
0.000000E+00
0.000000E+00
0.000000E+00
0.000000E+00
0.000000E+00
0.000000E+00
0.000000E+00
0.000000E+00
0.000000E+00
0.000000E+00
0.000000E+00
0.000000E+00
0.000000E+00
0.000000E+00