0.00000000E+00
0.00000000E+00
0.00000000E+00
0.00000000E+00
0.00000000E+00
0.00000000E+00
0.00000000E+00
0.00000000E+00
0.00000000E+00
0.00000000E+00
0.00000000E+00
0.00000000E+00
0.00000000E+00
0.00000000E+00
0.00000000E+00
0.00000000E+00
0.00000000E+00
0.00000000E+00
0.00000000E+00
0.00000000E+00
0.00000000E+00
0.00000000E+00
0.00000000E+00
0.00000000E+00
0.00000000E+00
0.00000000E+00
0.00000000E+00
0.00000000E+00
0.00000000E+00
0.00000000E+00
0.00000000E+00
0.00000000E+00
0.20000000E-07
0.20000000E-07
0.79999998E-07
0.99999998E-07
0.22000000E-06
0.72999999E-06
0.10100000E-05
0.19200000E-05
0.25399999E-05
0.40499999E-05
0.60599999E-05
0.90899998E-05
0.13020000E-04
0.19190000E-04
0.27519999E-04
0.39809999E-04
0.54849999E-04
0.74759999E-04
0.10148000E-03
0.13951000E-03
0.18498000E-03
0.23944000E-03
0.31100999E-03
0.38949999E-03
0.49741999E-03
0.62168999E-03
0.76421998E-03
0.93515998E-03
0.11390200E-02
0.13587300E-02
0.16071100E-02
0.19081000E-02
0.22296700E-02
0.25903699E-02
0.29844999E-02
0.34020899E-02
0.38425699E-02
0.43303799E-02
0.48287199E-02
0.53496699E-02
0.59050499E-02
0.64840199E-02
0.70481299E-02
0.76358698E-02
0.82086798E-02
0.87630398E-02
0.93457698E-02
0.99035898E-02
0.10443060E-01
0.10950870E-01
0.11450140E-01
0.11895690E-01
0.12313850E-01
0.12715190E-01
0.13076100E-01
0.13370850E-01
0.13635830E-01
0.13878050E-01
0.14056470E-01
0.14200170E-01
0.14293150E-01
0.14354240E-01
0.14392740E-01
0.14348240E-01
0.14279100E-01
0.14163420E-01
0.14027740E-01
0.13881400E-01
0.13665230E-01
0.13438000E-01
0.13249700E-01
0.12946310E-01
0.12676820E-01
0.12373330E-01
0.12070430E-01
0.11739650E-01
0.11420990E-01
0.11079680E-01
0.10743710E-01
0.10425820E-01
0.10073960E-01
0.97165398E-02
0.94100098E-02
0.90577598E-02
0.87120198E-02
0.83980398E-02
0.80794998E-02
0.77791698E-02
0.74477599E-02
0.71444599E-02
0.68474799E-02
0.65584599E-02
0.62816199E-02
0.60195499E-02
0.57500099E-02
0.55041199E-02
0.52475999E-02
0.50203399E-02
0.47870799E-02
0.45758099E-02
0.43695499E-02
0.41665899E-02
0.39874999E-02
0.38210399E-02
0.36301099E-02
0.34571899E-02
0.33032299E-02
0.31501999E-02
0.30023199E-02
0.28668399E-02
0.27481799E-02
0.26120699E-02
0.24998900E-02
0.23880300E-02
0.22825900E-02
0.21828300E-02
0.20896600E-02
0.19991500E-02
0.19092900E-02
0.18221900E-02
0.17530700E-02
0.16818800E-02
0.16025000E-02
0.15368900E-02
0.14772700E-02
0.14148500E-02
0.13530300E-02
0.13071000E-02
0.12584800E-02
0.12039300E-02
0.11558200E-02
0.11273300E-02
0.10774500E-02
0.10454800E-02
0.10027200E-02
0.96556998E-03
0.92979998E-03
0.89813998E-03
0.86163998E-03
0.82707998E-03
0.79764998E-03
0.77482998E-03
0.74814999E-03
0.72372999E-03
0.69996999E-03
0.67823999E-03
0.65801999E-03
0.63750999E-03
0.61892999E-03
0.59872999E-03
0.58328999E-03
0.56428999E-03
0.54796999E-03
0.53221999E-03
0.51860999E-03
0.50693999E-03
0.48844999E-03
0.47464999E-03
0.46494999E-03
0.45927999E-03
0.44623999E-03
0.43428999E-03
0.42832999E-03
0.41950999E-03
0.41313999E-03
0.40255999E-03
0.39603999E-03
0.38726999E-03
0.37785999E-03
0.37419999E-03
0.36734999E-03
0.36003999E-03
0.35615999E-03
0.35147999E-03
0.34626999E-03
0.34196999E-03
0.33706999E-03
0.33449999E-03
0.32991999E-03
0.32632999E-03
0.31952999E-03
0.31810999E-03
0.31635999E-03
0.31230999E-03
0.31081999E-03
0.30747999E-03
0.30325999E-03
0.30266999E-03
0.30287999E-03
0.30028999E-03
0.29786999E-03
0.29382999E-03
0.29434999E-03
0.29398999E-03
0.29314999E-03
0.29176999E-03
0.28821999E-03
0.28519999E-03
0.28633999E-03
0.28728999E-03
0.28583999E-03
0.28541999E-03
0.28494999E-03
0.28504999E-03
0.28505999E-03
0.28568999E-03
0.28622999E-03
0.28430999E-03
0.28955999E-03
0.28803999E-03
0.28841999E-03
0.28768999E-03
0.29241999E-03
0.29485999E-03
0.29084999E-03
0.29105999E-03
0.29231999E-03
0.30002999E-03
0.29700999E-03
0.30979999E-03
0.30406999E-03
0.31104999E-03
0.30869999E-03
0.31118999E-03
0.31596999E-03
0.32195999E-03
0.32126999E-03
0.32598999E-03
0.32448999E-03
0.33423999E-03
0.33858999E-03
0.33791999E-03
0.34436999E-03
0.35134999E-03
0.35248999E-03
0.35352999E-03
0.36015999E-03
0.36390999E-03
0.37129999E-03
0.37907999E-03
0.38373999E-03
0.38623999E-03
0.39055999E-03
0.39273999E-03
0.40125999E-03
0.40904999E-03
0.41311999E-03
0.41653999E-03
0.42313999E-03
0.42888999E-03
0.43655999E-03
0.44497999E-03
0.44509999E-03
0.45572999E-03
0.46583999E-03
0.47300999E-03
0.48009999E-03
0.48236999E-03
0.49272999E-03
0.50292999E-03
0.51162999E-03
0.51558999E-03
0.52832999E-03
0.53885999E-03
0.54998999E-03
0.55232999E-03
0.56267999E-03
0.57125999E-03
0.58432999E-03
0.59259999E-03
0.60450999E-03
0.61256999E-03
0.62255999E-03
0.63794999E-03
0.64218999E-03
0.65412999E-03
0.66928999E-03
0.67822999E-03
0.69066999E-03
0.69865999E-03
0.71088999E-03
0.72386999E-03
0.73883999E-03
0.75060998E-03
0.76596998E-03
0.78072998E-03
0.79058998E-03
0.80531998E-03
0.82453998E-03
0.83903998E-03
0.84957998E-03
0.86921998E-03
0.88532998E-03
0.89654998E-03
0.90661998E-03
0.92124998E-03
0.93791998E-03
0.95151998E-03
0.96673998E-03
0.98382998E-03
0.10036800E-02
0.10202500E-02
0.10404300E-02
0.10544000E-02
0.10700400E-02
0.10746400E-02
0.10928700E-02
0.11127600E-02
0.11283700E-02
0.11482000E-02
0.11628000E-02
0.11748800E-02
0.11947900E-02
0.12096000E-02
0.12262800E-02
0.12496600E-02
0.12607600E-02
0.12792100E-02
0.12881000E-02
0.13151500E-02
0.13213300E-02
0.13487000E-02
0.13568900E-02
0.13650300E-02
0.13938900E-02
0.14031800E-02
0.14199600E-02
0.14345800E-02
0.14547000E-02
0.14639400E-02
0.14827000E-02
0.14950500E-02
0.15056000E-02
0.15193300E-02
0.15345000E-02
0.15424100E-02
0.15585900E-02
0.15752600E-02
0.15924100E-02
0.15921000E-02
0.16052800E-02
0.16232600E-02
0.16283300E-02
0.16371900E-02
0.16406500E-02
0.16554400E-02
0.16671900E-02
0.16787500E-02
0.16843200E-02
0.16787300E-02
0.16927700E-02
0.16922900E-02
0.16995700E-02
0.17036200E-02
0.17119500E-02
0.17070800E-02
0.17114600E-02
0.17196200E-02
0.17167500E-02
0.17102400E-02
0.17165900E-02
0.17212100E-02
0.17026200E-02
0.17035300E-02
0.17098300E-02
0.17034000E-02
0.16938900E-02
0.16852200E-02
0.16772400E-02
0.16839200E-02
0.16686600E-02
0.16577200E-02
0.16556700E-02
0.16456300E-02
0.16329400E-02
0.16225200E-02
0.16128000E-02
0.15992100E-02
0.15882400E-02
0.15742100E-02
0.15654100E-02
0.15535200E-02
0.15441200E-02
0.15176600E-02
0.15011300E-02
0.14862300E-02
0.14679000E-02
0.14450400E-02
0.14308900E-02
0.14182400E-02
0.13985700E-02
0.13788200E-02
0.13665600E-02
0.13353500E-02
0.13119300E-02
0.12985200E-02
0.12714000E-02
0.12494000E-02
0.12332800E-02
0.12083900E-02
0.11886600E-02
0.11605000E-02
0.11392700E-02
0.11193100E-02
0.10914600E-02
0.10713500E-02
0.10474100E-02
0.10243400E-02
0.10018200E-02
0.97281998E-03
0.95739998E-03
0.92892998E-03
0.90856998E-03
0.88474998E-03
0.86539998E-03
0.84017998E-03
0.81536998E-03
0.79504998E-03
0.77091998E-03
0.75045998E-03
0.72450999E-03
0.70598999E-03
0.68101999E-03
0.66292999E-03
0.64078999E-03
0.61917999E-03
0.59751999E-03
0.57591999E-03
0.55953999E-03
0.54176999E-03
0.52033999E-03
0.50361999E-03
0.48451999E-03
0.46877999E-03
0.45278999E-03
0.43137999E-03
0.41331999E-03
0.40330999E-03
0.38746999E-03
0.36731999E-03
0.35705999E-03
0.33565999E-03
0.32679999E-03
0.31156999E-03
0.29686999E-03
0.28242999E-03
0.26975999E-03
0.26079999E-03
0.24814000E-03
0.23597000E-03
0.22374000E-03
0.21283000E-03
0.20614000E-03
0.19232000E-03
0.18430000E-03
0.17452000E-03
0.16348000E-03
0.15736000E-03
0.14699000E-03
0.14072000E-03
0.13358000E-03
0.12790000E-03
0.11695000E-03
0.10999000E-03
0.10587000E-03
0.99349998E-04
0.94969998E-04
0.87569998E-04
0.81809998E-04
0.77599998E-04
0.72869999E-04
0.68999999E-04
0.63779999E-04
0.60589999E-04
0.55579999E-04
0.52799999E-04
0.50139999E-04
0.46809999E-04
0.43089999E-04
0.40529999E-04
0.36869999E-04
0.34979999E-04
0.32339999E-04
0.30989999E-04
0.28719999E-04
0.27109999E-04
0.24220000E-04
0.22430000E-04
0.22140000E-04
0.19500000E-04
0.19080000E-04
0.17280000E-04
0.15000000E-04
0.13880000E-04
0.13870000E-04
0.12620000E-04
0.11840000E-04
0.10330000E-04
0.10510000E-04
0.87099998E-05
0.81599998E-05
0.73699999E-05
0.75399998E-05
0.62099999E-05
0.59799999E-05
0.55599999E-05
0.50199999E-05
0.42399999E-05
0.42799999E-05
0.36199999E-05
0.35199999E-05
0.30199999E-05
0.27499999E-05
0.24400000E-05
0.23600000E-05
0.20100000E-05
0.18700000E-05
0.16300000E-05
0.16500000E-05
0.14700000E-05
0.12200000E-05
0.12500000E-05
0.10300000E-05
0.96999998E-06
0.10200000E-05
0.76999998E-06
0.91999998E-06
0.55999999E-06
0.44999999E-06
0.35999999E-06
0.40999999E-06
0.29999999E-06
0.33999999E-06
0.24000000E-06
0.27999999E-06
0.26999999E-06
0.26999999E-06
0.14000000E-06
0.12000000E-06
0.13000000E-06
0.18000000E-06
0.79999998E-07
0.12000000E-06
0.12000000E-06
0.99999998E-07
0.99999998E-07
0.69999999E-07
0.69999999E-07
0.79999998E-07
0.79999998E-07
0.99999998E-08
0.59999999E-07
0.39999999E-07
0.29999999E-07
0.20000000E-07
0.59999999E-07
0.39999999E-07
0.59999999E-07
0.29999999E-07
0.20000000E-07
0.20000000E-07
0.20000000E-07
0.99999998E-08
0.00000000E+00
0.29999999E-07
0.99999998E-08
0.39999999E-07
0.00000000E+00